[[ 0.00606209  0.          0.          0.00630653  0.06995845  0.08203373
   0.01579076  0.00532877  0.38508922  0.00048888  0.42111953  0.00782205]]
[[  8.95161290e-01   0.00000000e+00   0.00000000e+00   8.06451613e-03
    6.45161290e-02   0.00000000e+00   0.00000000e+00   0.00000000e+00
    0.00000000e+00   0.00000000e+00   3.22580645e-02   0.00000000e+00]
 [  0.00000000e+00   0.00000000e+00   0.00000000e+00   0.00000000e+00
    0.00000000e+00   0.00000000e+00   0.00000000e+00   0.00000000e+00
    0.00000000e+00   0.00000000e+00   0.00000000e+00   0.00000000e+00]
 [  0.00000000e+00   0.00000000e+00   0.00000000e+00   0.00000000e+00
    0.00000000e+00   0.00000000e+00   0.00000000e+00   0.00000000e+00
    0.00000000e+00   0.00000000e+00   0.00000000e+00   0.00000000e+00]
 [  0.00000000e+00   0.00000000e+00   0.00000000e+00   7.05426357e-01
    1.47286822e-01   0.00000000e+00   0.00000000e+00   4.65116279e-02
    0.00000000e+00   0.00000000e+00   9.30232558e-02   7.75193798e-03]
 [  6.99300699e-03   0.00000000e+00   0.00000000e+00   1.60839161e-02
    9.13286713e-01   9.79020979e-03   3.49650350e-03   4.19580420e-03
    9.09090909e-03   1.39860140e-03   2.51748252e-02   1.04895105e-02]
 [  0.00000000e+00   0.00000000e+00   0.00000000e+00   0.00000000e+00
    8.34326579e-03   9.91656734e-01   0.00000000e+00   0.00000000e+00
    0.00000000e+00   0.00000000e+00   0.00000000e+00   0.00000000e+00]
 [  0.00000000e+00   0.00000000e+00   0.00000000e+00   3.09597523e-03
    2.47678019e-02   0.00000000e+00   9.72136223e-01   0.00000000e+00
    0.00000000e+00   0.00000000e+00   0.00000000e+00   0.00000000e+00]
 [  2.75229358e-02   0.00000000e+00   0.00000000e+00   0.00000000e+00
    1.00917431e-01   0.00000000e+00   0.00000000e+00   8.71559633e-01
    0.00000000e+00   0.00000000e+00   0.00000000e+00   0.00000000e+00]
 [  0.00000000e+00   0.00000000e+00   0.00000000e+00   0.00000000e+00
    1.14256697e-03   0.00000000e+00   0.00000000e+00   0.00000000e+00
    9.98222674e-01   0.00000000e+00   0.00000000e+00   6.34759426e-04]
 [  0.00000000e+00   0.00000000e+00   0.00000000e+00   0.00000000e+00
    1.00000000e-01   0.00000000e+00   0.00000000e+00   0.00000000e+00
    0.00000000e+00   6.00000000e-01   2.00000000e-01   1.00000000e-01]
 [  0.00000000e+00   0.00000000e+00   0.00000000e+00   8.12630601e-04
    4.64360344e-03   0.00000000e+00   2.32180172e-04   0.00000000e+00
    0.00000000e+00   2.32180172e-04   9.92338054e-01   1.74135129e-03]
 [  0.00000000e+00   0.00000000e+00   0.00000000e+00   3.75000000e-02
    9.37500000e-02   0.00000000e+00   1.25000000e-02   1.25000000e-02
    0.00000000e+00   0.00000000e+00   7.50000000e-02   7.68750000e-01]]
